-20 5.52095e-88
-19.9 4.05911e-87
-19.8 2.95465e-86
-19.7 2.1293e-85
-19.6 1.51924e-84
-19.5 1.07318e-83
-19.4 7.50541e-83
-19.3 5.19678e-82
-19.2 3.56247e-81
-19.1 2.41783e-80
-19 1.62464e-79
-18.9 1.0808e-78
-18.8 7.11851e-78
-18.7 4.64185e-77
-18.6 2.99675e-76
-18.5 1.91543e-75
-18.4 1.2121e-74
-18.3 7.594e-74
-18.2 4.7104e-73
-18.1 2.89269e-72
-18 1.75875e-71
-17.9 1.05867e-70
-17.8 6.30926e-70
-17.7 3.72264e-69
-17.6 2.17461e-68
-17.5 1.25767e-67
-17.4 7.20131e-67
-17.3 4.08237e-66
-17.2 2.29124e-65
-17.1 1.27317e-64
-17 7.00418e-64
-16.9 3.81493e-63
-16.8 2.05718e-62
-16.7 1.09829e-61
-16.6 5.80519e-61
-16.5 3.0379e-60
-16.4 1.57394e-59
-16.3 8.07346e-59
-16.2 4.10004e-58
-16.1 2.06145e-57
-16 1.02616e-56
-15.9 5.05727e-56
-15.8 2.46759e-55
-15.7 1.19203e-54
-15.6 5.70108e-54
-15.5 2.69951e-53
-15.4 1.26552e-52
-15.3 5.87371e-52
-15.2 2.69905e-51
-15.1 1.22791e-50
-15 5.53071e-50
-14.9 2.46633e-49
-14.8 1.08888e-48
-14.7 4.75952e-48
-14.6 2.0597e-47
-14.5 8.82475e-47
-14.4 3.74333e-46
-14.3 1.57207e-45
-14.2 6.53643e-45
-14.1 2.69071e-44
-14 1.09661e-43
-13.9 4.42478e-43
-13.8 1.76762e-42
-13.7 6.99108e-42
-13.6 2.73751e-41
-13.5 1.06127e-40
-13.4 4.07335e-40
-13.3 1.54787e-39
-13.2 5.82338e-39
-13.1 2.16906e-38
-13 7.99883e-38
-12.9 2.92037e-37
-12.8 1.05562e-36
-12.7 3.77774e-36
-12.6 1.33849e-35
-12.5 4.6952e-35
-12.4 1.63061e-34
-12.3 5.60666e-34
-12.2 1.9086e-33
-12.1 6.43254e-33
-12 2.14638e-32
-11.9 7.0907e-32
-11.8 2.31915e-31
-11.7 7.50973e-31
-11.6 2.40756e-30
-11.5 7.64166e-30
-11.4 2.40135e-29
-11.3 7.471e-29
-11.2 2.30123e-28
-11.1 7.01776e-28
-11 2.11882e-27
-10.9 6.33354e-27
-10.8 1.87437e-26
-10.7 5.4919e-26
-10.6 1.59311e-25
-10.5 4.57538e-25
-10.4 1.30096e-24
-10.3 3.66235e-24
-10.2 1.02073e-23
-10.1 2.81657e-23
-10 7.6946e-23
-9.9 2.08118e-22
-9.8 5.573e-22
-9.7 1.4775e-21
-9.6 3.87811e-21
-9.5 1.00779e-20
-9.4 2.59286e-20
-9.3 6.60458e-20
-9.2 1.66559e-19
-9.1 4.1586e-19
-9 1.02798e-18
-8.9 2.51581e-18
-8.8 6.09576e-18
-8.7 1.4623e-17
-8.6 3.47296e-17
-8.5 8.16624e-17
-8.4 1.90108e-16
-8.3 4.38164e-16
-8.2 9.99838e-16
-8.1 2.25881e-15
-8 5.05227e-15
-7.9 1.1188e-14
-7.8 2.45286e-14
-7.7 5.32415e-14
-7.6 1.14416e-13
-7.5 2.43432e-13
-7.4 5.12775e-13
-7.3 1.06938e-12
-7.2 2.20799e-12
-7.1 4.51354e-12
-7 9.13472e-12
-6.9 1.83033e-11
-6.8 3.63096e-11
-6.7 7.13133e-11
-6.6 1.38668e-10
-6.5 2.66956e-10
-6.4 5.08814e-10
-6.3 9.60143e-10
-6.2 1.79378e-09
-6.1 3.31788e-09
-6 6.07588e-09
-5.9 1.10158e-08
-5.8 1.97732e-08
-5.7 3.51396e-08
-5.6 6.18262e-08
-5.5 1.07698e-07
-5.4 1.85736e-07
-5.3 3.17135e-07
-5.2 5.36104e-07
-5.1 8.97244e-07
-5 1.48672e-06
-4.9 2.43896e-06
-4.8 3.9613e-06
-4.7 6.36983e-06
-4.6 1.01409e-05
-4.5 1.59837e-05
-4.4 2.49425e-05
-4.3 3.85352e-05
-4.2 5.89431e-05
-4.1 8.92617e-05
-4 0.00013383
-3.9 0.000198655
-3.8 0.000291947
-3.7 0.00042478
-3.6 0.000611902
-3.5 0.000872683
-3.4 0.00123222
-3.3 0.00172257
-3.2 0.00238409
-3.1 0.00326682
-3 0.00443185
-2.9 0.00595253
-2.8 0.00791545
-2.7 0.0104209
-2.6 0.013583
-2.5 0.0175283
-2.4 0.0223945
-2.3 0.028327
-2.2 0.0354746
-2.1 0.0439836
-2 0.053991
-1.9 0.0656158
-1.8 0.0789502
-1.7 0.0940491
-1.6 0.110921
-1.5 0.129518
-1.4 0.149727
-1.3 0.171369
-1.2 0.194186
-1.1 0.217852
-1 0.241971
-0.9 0.266085
-0.8 0.289692
-0.7 0.312254
-0.6 0.333225
-0.5 0.352065
-0.4 0.36827
-0.3 0.381388
-0.2 0.391043
-0.1 0.396953
1.52933e-14 0.398942
0.1 0.396953
0.2 0.391043
0.3 0.381388
0.4 0.36827
0.5 0.352065
0.6 0.333225
0.7 0.312254
0.8 0.289692
0.9 0.266085
1 0.241971
1.1 0.217852
1.2 0.194186
1.3 0.171369
1.4 0.149727
1.5 0.129518
1.6 0.110921
1.7 0.0940491
1.8 0.0789502
1.9 0.0656158
2 0.053991
2.1 0.0439836
2.2 0.0354746
2.3 0.028327
2.4 0.0223945
2.5 0.0175283
2.6 0.013583
2.7 0.0104209
2.8 0.00791545
2.9 0.00595253
3 0.00443185
3.1 0.00326682
3.2 0.00238409
3.3 0.00172257
3.4 0.00123222
3.5 0.000872683
3.6 0.000611902
3.7 0.00042478
3.8 0.000291947
3.9 0.000198655
4 0.00013383
4.1 8.92617e-05
4.2 5.89431e-05
4.3 3.85352e-05
4.4 2.49425e-05
4.5 1.59837e-05
4.6 1.01409e-05
4.7 6.36983e-06
4.8 3.9613e-06
4.9 2.43896e-06
5 1.48672e-06
5.1 8.97244e-07
5.2 5.36104e-07
5.3 3.17135e-07
5.4 1.85736e-07
5.5 1.07698e-07
5.6 6.18262e-08
5.7 3.51396e-08
5.8 1.97732e-08
5.9 1.10158e-08
6 6.07588e-09
6.1 3.31788e-09
6.2 1.79378e-09
6.3 9.60143e-10
6.4 5.08814e-10
6.5 2.66956e-10
6.6 1.38668e-10
6.7 7.13133e-11
6.8 3.63096e-11
6.9 1.83033e-11
7 9.13472e-12
7.1 4.51354e-12
7.2 2.20799e-12
7.3 1.06938e-12
7.4 5.12775e-13
7.5 2.43432e-13
7.6 1.14416e-13
7.7 5.32415e-14
7.8 2.45286e-14
7.9 1.1188e-14
8 5.05227e-15
8.1 2.25881e-15
8.2 9.99838e-16
8.3 4.38164e-16
8.4 1.90108e-16
8.5 8.16624e-17
8.6 3.47296e-17
8.7 1.4623e-17
8.8 6.09576e-18
8.9 2.51581e-18
9 1.02798e-18
9.1 4.1586e-19
9.2 1.66559e-19
9.3 6.60458e-20
9.4 2.59286e-20
9.5 1.00779e-20
9.6 3.87811e-21
9.7 1.4775e-21
9.8 5.573e-22
9.9 2.08118e-22
10 7.6946e-23
10.1 2.81657e-23
10.2 1.02073e-23
10.3 3.66235e-24
10.4 1.30096e-24
10.5 4.57538e-25
10.6 1.59311e-25
10.7 5.4919e-26
10.8 1.87437e-26
10.9 6.33354e-27
11 2.11882e-27
11.1 7.01776e-28
11.2 2.30123e-28
11.3 7.471e-29
11.4 2.40135e-29
11.5 7.64166e-30
11.6 2.40756e-30
11.7 7.50973e-31
11.8 2.31915e-31
11.9 7.0907e-32
12 2.14638e-32
12.1 6.43254e-33
12.2 1.9086e-33
12.3 5.60666e-34
12.4 1.63061e-34
12.5 4.6952e-35
12.6 1.33849e-35
12.7 3.77774e-36
12.8 1.05562e-36
12.9 2.92037e-37
13 7.99883e-38
13.1 2.16906e-38
13.2 5.82338e-39
13.3 1.54787e-39
13.4 4.07335e-40
13.5 1.06127e-40
13.6 2.73751e-41
13.7 6.99108e-42
13.8 1.76762e-42
13.9 4.42478e-43
14 1.09661e-43
14.1 2.69071e-44
14.2 6.53643e-45
14.3 1.57207e-45
14.4 3.74333e-46
14.5 8.82475e-47
14.6 2.0597e-47
14.7 4.75952e-48
14.8 1.08888e-48
14.9 2.46633e-49
15 5.53071e-50
15.1 1.22791e-50
15.2 2.69905e-51
15.3 5.87371e-52
15.4 1.26552e-52
15.5 2.69951e-53
15.6 5.70108e-54
15.7 1.19203e-54
15.8 2.46759e-55
15.9 5.05727e-56
16 1.02616e-56
16.1 2.06145e-57
16.2 4.10004e-58
16.3 8.07346e-59
16.4 1.57394e-59
16.5 3.0379e-60
16.6 5.80519e-61
16.7 1.09829e-61
16.8 2.05718e-62
16.9 3.81493e-63
17 7.00418e-64
17.1 1.27317e-64
17.2 2.29124e-65
17.3 4.08237e-66
17.4 7.20131e-67
17.5 1.25767e-67
17.6 2.17461e-68
17.7 3.72264e-69
17.8 6.30926e-70
17.9 1.05867e-70
18 1.75875e-71
18.1 2.89269e-72
18.2 4.7104e-73
18.3 7.594e-74
18.4 1.2121e-74
18.5 1.91543e-75
18.6 2.99675e-76
18.7 4.64185e-77
18.8 7.11851e-78
18.9 1.0808e-78
19 1.62464e-79
19.1 2.41783e-80
19.2 3.56247e-81
19.3 5.19678e-82
19.4 7.50541e-83
19.5 1.07318e-83
19.6 1.51924e-84
19.7 2.1293e-85
19.8 2.95465e-86
19.9 4.05911e-87
