-20 0.00079379
-19.9 0.000801768
-19.8 0.000809866
-19.7 0.000818088
-19.6 0.000826435
-19.5 0.000834911
-19.4 0.000843518
-19.3 0.000852258
-19.2 0.000861135
-19.1 0.000870151
-19 0.000879309
-18.9 0.000888613
-18.8 0.000898064
-18.7 0.000907667
-18.6 0.000917425
-18.5 0.000927341
-18.4 0.000937419
-18.3 0.000947661
-18.2 0.000958072
-18.1 0.000968656
-18 0.000979415
-17.9 0.000990355
-17.8 0.00100148
-17.7 0.00101279
-17.6 0.00102429
-17.5 0.001036
-17.4 0.0010479
-17.3 0.00106001
-17.2 0.00107233
-17.1 0.00108486
-17 0.00109762
-16.9 0.0011106
-16.8 0.00112382
-16.7 0.00113727
-16.6 0.00115096
-16.5 0.0011649
-16.4 0.0011791
-16.3 0.00119356
-16.2 0.00120828
-16.1 0.00122328
-16 0.00123856
-15.9 0.00125413
-15.8 0.00126999
-15.7 0.00128615
-15.6 0.00130263
-15.5 0.00131942
-15.4 0.00133654
-15.3 0.00135399
-15.2 0.00137179
-15.1 0.00138994
-15 0.00140845
-14.9 0.00142733
-14.8 0.0014466
-14.7 0.00146626
-14.6 0.00148632
-14.5 0.00150679
-14.4 0.00152769
-14.3 0.00154903
-14.2 0.00157081
-14.1 0.00159306
-14 0.00161579
-13.9 0.001639
-13.8 0.00166271
-13.7 0.00168695
-13.6 0.00171171
-13.5 0.00173703
-13.4 0.0017629
-13.3 0.00178936
-13.2 0.00181642
-13.1 0.0018441
-13 0.00187241
-12.9 0.00190138
-12.8 0.00193102
-12.7 0.00196136
-12.6 0.00199243
-12.5 0.00202423
-12.4 0.0020568
-12.3 0.00209016
-12.2 0.00212433
-12.1 0.00215935
-12 0.00219524
-11.9 0.00223203
-11.8 0.00226975
-11.7 0.00230843
-11.6 0.00234811
-11.5 0.00238882
-11.4 0.00243059
-11.3 0.00247346
-11.2 0.00251748
-11.1 0.00256268
-11 0.0026091
-10.9 0.00265679
-10.8 0.0027058
-10.7 0.00275617
-10.6 0.00280796
-10.5 0.00286121
-10.4 0.00291599
-10.3 0.00297236
-10.2 0.00303037
-10.1 0.00309009
-10 0.00315158
-9.9 0.00321493
-9.8 0.00328019
-9.7 0.00334746
-9.6 0.00341681
-9.5 0.00348833
-9.4 0.00356211
-9.3 0.00363824
-9.2 0.00371684
-9.1 0.00379799
-9 0.00388183
-8.9 0.00396846
-8.8 0.004058
-8.7 0.0041506
-8.6 0.0042464
-8.5 0.00434553
-8.4 0.00444815
-8.3 0.00455444
-8.2 0.00466456
-8.1 0.00477871
-8 0.00489708
-7.9 0.00501987
-7.8 0.00514731
-7.7 0.00527965
-7.6 0.00541712
-7.5 0.00556
-7.4 0.00570857
-7.3 0.00586314
-7.2 0.00602403
-7.1 0.00619159
-7 0.0063662
-6.9 0.00654824
-6.8 0.00673814
-6.7 0.00693637
-6.6 0.0071434
-6.5 0.00735977
-6.4 0.00758603
-6.3 0.0078228
-6.2 0.00807074
-6.1 0.00833054
-6 0.00860297
-5.9 0.00888885
-5.8 0.00918908
-5.7 0.00950462
-5.6 0.00983652
-5.5 0.0101859
-5.4 0.010554
-5.3 0.0109422
-5.2 0.011352
-5.1 0.0117849
-5 0.0122427
-4.9 0.0127273
-4.8 0.0132408
-4.7 0.0137856
-4.6 0.0143642
-4.5 0.0149793
-4.4 0.0156341
-4.3 0.016332
-4.2 0.0170767
-4.1 0.0178725
-4 0.0187241
-3.9 0.0196366
-3.8 0.0206159
-3.7 0.0216685
-3.6 0.0228016
-3.5 0.0240234
-3.4 0.0253431
-3.3 0.0267712
-3.2 0.0283194
-3.1 0.0300009
-3 0.031831
-2.9 0.0338268
-2.8 0.0360079
-2.7 0.0383968
-2.6 0.0410193
-2.5 0.0439048
-2.4 0.0470873
-2.3 0.0506057
-2.2 0.0545051
-2.1 0.0588373
-2 0.063662
-1.9 0.0690477
-1.8 0.0750731
-1.7 0.0818277
-1.6 0.0894129
-1.5 0.0979415
-1.4 0.107537
-1.3 0.118331
-1.2 0.130455
-1.1 0.144032
-1 0.159155
-0.9 0.175862
-0.8 0.194091
-0.7 0.213631
-0.6 0.234051
-0.5 0.254648
-0.4 0.274405
-0.3 0.292027
-0.2 0.306067
-0.1 0.315158
1.52933e-14 0.31831
0.1 0.315158
0.2 0.306067
0.3 0.292027
0.4 0.274405
0.5 0.254648
0.6 0.234051
0.7 0.213631
0.8 0.194091
0.9 0.175862
1 0.159155
1.1 0.144032
1.2 0.130455
1.3 0.118331
1.4 0.107537
1.5 0.0979415
1.6 0.0894129
1.7 0.0818277
1.8 0.0750731
1.9 0.0690477
2 0.063662
2.1 0.0588373
2.2 0.0545051
2.3 0.0506057
2.4 0.0470873
2.5 0.0439048
2.6 0.0410193
2.7 0.0383968
2.8 0.0360079
2.9 0.0338268
3 0.031831
3.1 0.0300009
3.2 0.0283194
3.3 0.0267712
3.4 0.0253431
3.5 0.0240234
3.6 0.0228016
3.7 0.0216685
3.8 0.0206159
3.9 0.0196366
4 0.0187241
4.1 0.0178725
4.2 0.0170767
4.3 0.016332
4.4 0.0156341
4.5 0.0149793
4.6 0.0143642
4.7 0.0137856
4.8 0.0132408
4.9 0.0127273
5 0.0122427
5.1 0.0117849
5.2 0.011352
5.3 0.0109422
5.4 0.010554
5.5 0.0101859
5.6 0.00983652
5.7 0.00950462
5.8 0.00918908
5.9 0.00888885
6 0.00860297
6.1 0.00833054
6.2 0.00807074
6.3 0.0078228
6.4 0.00758603
6.5 0.00735977
6.6 0.0071434
6.7 0.00693637
6.8 0.00673814
6.9 0.00654824
7 0.0063662
7.1 0.00619159
7.2 0.00602403
7.3 0.00586314
7.4 0.00570857
7.5 0.00556
7.6 0.00541712
7.7 0.00527965
7.8 0.00514731
7.9 0.00501987
8 0.00489708
8.1 0.00477871
8.2 0.00466456
8.3 0.00455444
8.4 0.00444815
8.5 0.00434553
8.6 0.0042464
8.7 0.0041506
8.8 0.004058
8.9 0.00396846
9 0.00388183
9.1 0.00379799
9.2 0.00371684
9.3 0.00363824
9.4 0.00356211
9.5 0.00348833
9.6 0.00341681
9.7 0.00334746
9.8 0.00328019
9.9 0.00321493
10 0.00315158
10.1 0.00309009
10.2 0.00303037
10.3 0.00297236
10.4 0.00291599
10.5 0.00286121
10.6 0.00280796
10.7 0.00275617
10.8 0.0027058
10.9 0.00265679
11 0.0026091
11.1 0.00256268
11.2 0.00251748
11.3 0.00247346
11.4 0.00243059
11.5 0.00238882
11.6 0.00234811
11.7 0.00230843
11.8 0.00226975
11.9 0.00223203
12 0.00219524
12.1 0.00215935
12.2 0.00212433
12.3 0.00209016
12.4 0.0020568
12.5 0.00202423
12.6 0.00199243
12.7 0.00196136
12.8 0.00193102
12.9 0.00190138
13 0.00187241
13.1 0.0018441
13.2 0.00181642
13.3 0.00178936
13.4 0.0017629
13.5 0.00173703
13.6 0.00171171
13.7 0.00168695
13.8 0.00166271
13.9 0.001639
14 0.00161579
14.1 0.00159306
14.2 0.00157081
14.3 0.00154903
14.4 0.00152769
14.5 0.00150679
14.6 0.00148632
14.7 0.00146626
14.8 0.0014466
14.9 0.00142733
15 0.00140845
15.1 0.00138994
15.2 0.00137179
15.3 0.00135399
15.4 0.00133654
15.5 0.00131942
15.6 0.00130263
15.7 0.00128615
15.8 0.00126999
15.9 0.00125413
16 0.00123856
16.1 0.00122328
16.2 0.00120828
16.3 0.00119356
16.4 0.0011791
16.5 0.0011649
16.6 0.00115096
16.7 0.00113727
16.8 0.00112382
16.9 0.0011106
17 0.00109762
17.1 0.00108486
17.2 0.00107233
17.3 0.00106001
17.4 0.0010479
17.5 0.001036
17.6 0.00102429
17.7 0.00101279
17.8 0.00100148
17.9 0.000990355
18 0.000979415
18.1 0.000968656
18.2 0.000958072
18.3 0.000947661
18.4 0.000937419
18.5 0.000927341
18.6 0.000917425
18.7 0.000907667
18.8 0.000898064
18.9 0.000888613
19 0.000879309
19.1 0.000870151
19.2 0.000861135
19.3 0.000852258
19.4 0.000843518
19.5 0.000834911
19.6 0.000826435
19.7 0.000818088
19.8 0.000809866
19.9 0.000801768
