-20 0.000529305
-19.9 0.000534683
-19.8 0.000540143
-19.7 0.000545688
-19.6 0.000551318
-19.5 0.000557036
-19.4 0.000562844
-19.3 0.000568743
-19.2 0.000574735
-19.1 0.000580822
-19 0.000587006
-18.9 0.00059329
-18.8 0.000599675
-18.7 0.000606164
-18.6 0.000612758
-18.5 0.000619461
-18.4 0.000626275
-18.3 0.000633201
-18.2 0.000640243
-18.1 0.000647404
-18 0.000654684
-17.9 0.000662089
-17.8 0.00066962
-17.7 0.00067728
-17.6 0.000685072
-17.5 0.000692999
-17.4 0.000701065
-17.3 0.000709273
-17.2 0.000717625
-17.1 0.000726126
-17 0.000734779
-16.9 0.000743588
-16.8 0.000752555
-16.7 0.000761686
-16.6 0.000770985
-16.5 0.000780454
-16.4 0.000790099
-16.3 0.000799924
-16.2 0.000809934
-16.1 0.000820132
-16 0.000830524
-15.9 0.000841115
-15.8 0.00085191
-15.7 0.000862915
-15.6 0.000874133
-15.5 0.000885572
-15.4 0.000897237
-15.3 0.000909134
-15.2 0.000921269
-15.1 0.000933649
-15 0.00094628
-14.9 0.000959169
-14.8 0.000972323
-14.7 0.00098575
-14.6 0.000999456
-14.5 0.00101345
-14.4 0.00102774
-14.3 0.00104234
-14.2 0.00105724
-14.1 0.00107247
-14 0.00108804
-13.9 0.00110394
-13.8 0.00112019
-13.7 0.00113681
-13.6 0.0011538
-13.5 0.00117117
-13.4 0.00118894
-13.3 0.00120711
-13.2 0.00122571
-13.1 0.00124473
-13 0.00126421
-12.9 0.00128414
-12.8 0.00130455
-12.7 0.00132545
-12.6 0.00134686
-12.5 0.00136879
-12.4 0.00139126
-12.3 0.00141428
-12.2 0.00143789
-12.1 0.00146209
-12 0.0014869
-11.9 0.00151236
-11.8 0.00153847
-11.7 0.00156526
-11.6 0.00159276
-11.5 0.001621
-11.4 0.00164998
-11.3 0.00167976
-11.2 0.00171034
-11.1 0.00174177
-11 0.00177408
-10.9 0.00180729
-10.8 0.00184144
-10.7 0.00187657
-10.6 0.00191272
-10.5 0.00194992
-10.4 0.00198821
-10.3 0.00202765
-10.2 0.00206827
-10.1 0.00211012
-10 0.00215326
-9.9 0.00219773
-9.8 0.00224359
-9.7 0.00229091
-9.6 0.00233974
-9.5 0.00239014
-9.4 0.00244219
-9.3 0.00249596
-9.2 0.00255153
-9.1 0.00260898
-9 0.00266838
-8.9 0.00272984
-8.8 0.00279344
-8.7 0.0028593
-8.6 0.00292751
-8.5 0.00299819
-8.4 0.00307147
-8.3 0.00314746
-8.2 0.00322631
-8.1 0.00330815
-8 0.00339316
-7.9 0.00348148
-7.8 0.00357329
-7.7 0.00366879
-7.6 0.00376816
-7.5 0.00387163
-7.4 0.00397942
-7.3 0.00409178
-7.2 0.00420896
-7.1 0.00433125
-7 0.00445894
-6.9 0.00459237
-6.8 0.00473188
-6.7 0.00487784
-6.6 0.00503066
-6.5 0.00519078
-6.4 0.00535866
-6.3 0.00553483
-6.2 0.00571982
-6.1 0.00591425
-6 0.00611876
-5.9 0.00633407
-5.8 0.00656094
-5.7 0.00680023
-5.6 0.00705285
-5.5 0.00731981
-5.4 0.00760222
-5.3 0.00790129
-5.2 0.00821837
-5.1 0.00855492
-5 0.00891258
-4.9 0.00929315
-4.8 0.00969862
-4.7 0.0101312
-4.6 0.0105934
-4.5 0.011088
-4.4 0.011618
-4.3 0.012187
-4.2 0.0127988
-4.1 0.0134578
-4 0.0141692
-3.9 0.0149384
-3.8 0.015772
-3.7 0.0166774
-3.6 0.017663
-3.5 0.0187387
-3.4 0.0199157
-3.3 0.0212072
-3.2 0.0226286
-3.1 0.0241977
-3 0.0259359
-2.9 0.0278684
-2.8 0.0300252
-2.7 0.0324424
-2.6 0.0351636
-2.5 0.0382423
-2.4 0.0417436
-2.3 0.0457488
-2.2 0.0503593
-2.1 0.0557036
-2 0.0619461
-1.9 0.0692999
-1.8 0.0780454
-1.7 0.0885572
-1.6 0.101345
-1.5 0.117117
-1.4 0.135392
-1.3 0.154961
-1.2 0.175594
-1.1 0.196994
-1 0.218803
-0.9 0.240609
-0.8 0.261955
-0.7 0.282357
-0.6 0.30132
-0.5 0.318357
-0.4 0.33301
-0.3 0.344872
-0.2 0.353602
-0.1 0.358946
1.52933e-14 0.360745
0.1 0.358946
0.2 0.353602
0.3 0.344872
0.4 0.33301
0.5 0.318357
0.6 0.30132
0.7 0.282357
0.8 0.261955
0.9 0.240609
1 0.218803
1.1 0.196994
1.2 0.175594
1.3 0.154961
1.4 0.135392
1.5 0.117117
1.6 0.100301
1.7 0.0850443
1.8 0.0713911
1.9 0.0593334
2 0.0488216
2.1 0.0397724
2.2 0.0320781
2.3 0.0256149
2.4 0.0202504
2.5 0.0158501
2.6 0.0122825
2.7 0.00942318
2.8 0.00715759
2.9 0.00538261
3 0.00400752
3.1 0.00295404
3.2 0.00215582
3.3 0.00155764
3.4 0.00111424
3.5 0.000789128
3.6 0.000553315
3.7 0.00038411
3.8 0.000263994
3.9 0.000179635
4 0.000121017
4.1 8.07153e-05
4.2 5.32996e-05
4.3 3.48456e-05
4.4 2.25544e-05
4.5 1.44534e-05
4.6 9.16991e-06
4.7 5.75995e-06
4.8 3.58202e-06
4.9 2.20544e-06
5 1.34437e-06
5.1 8.11337e-07
5.2 4.84774e-07
5.3 2.86771e-07
5.4 1.67953e-07
5.5 9.73861e-08
5.6 5.59066e-08
5.7 3.17751e-08
5.8 1.788e-08
5.9 9.96106e-09
6 5.49415e-09
6.1 3.00021e-09
6.2 1.62204e-09
6.3 8.68214e-10
6.4 4.60098e-10
6.5 2.41396e-10
6.6 1.25391e-10
6.7 6.44854e-11
6.8 3.28331e-11
6.9 1.65509e-11
7 8.26012e-12
7.1 4.08139e-12
7.2 1.99659e-12
7.3 9.66995e-13
7.4 4.6368e-13
7.5 2.20125e-13
7.6 1.03461e-13
7.7 4.81439e-14
7.8 2.21801e-14
7.9 1.01168e-14
8 4.56854e-15
8.1 2.04254e-15
8.2 9.04108e-16
8.3 3.96212e-16
8.4 1.71906e-16
8.5 7.38436e-17
8.6 3.14044e-17
8.7 1.32229e-17
8.8 5.51212e-18
8.9 2.27493e-18
9 9.29554e-19
9.1 3.76043e-19
9.2 1.50612e-19
9.3 5.97222e-20
9.4 2.34461e-20
9.5 9.11302e-21
9.6 3.5068e-21
9.7 1.33603e-21
9.8 5.03941e-22
9.9 1.88191e-22
10 6.95788e-23
10.1 2.54689e-23
10.2 9.23001e-24
10.3 3.31169e-24
10.4 1.1764e-24
10.5 4.13731e-25
10.6 1.44058e-25
10.7 4.96608e-26
10.8 1.69491e-26
10.9 5.72713e-27
11 1.91595e-27
11.1 6.34584e-28
11.2 2.0809e-28
11.3 6.75569e-29
11.4 2.17143e-29
11.5 6.91e-30
11.6 2.17705e-30
11.7 6.79071e-31
11.8 2.0971e-31
11.9 6.4118e-32
12 1.94088e-32
12.1 5.81666e-33
12.2 1.72586e-33
12.3 5.06985e-34
12.4 1.47449e-34
12.5 4.24565e-35
12.6 1.21033e-35
12.7 3.41604e-36
12.8 9.54546e-37
12.9 2.64076e-37
13 7.23298e-38
13.1 1.96139e-38
13.2 5.26582e-39
13.3 1.39967e-39
13.4 3.68334e-40
13.5 9.59657e-41
13.6 2.47541e-41
13.7 6.32172e-42
13.8 1.59838e-42
13.9 4.00113e-43
14 9.91612e-44
14.1 2.43309e-44
14.2 5.9106e-45
14.3 1.42155e-45
14.4 3.38492e-46
14.5 7.97983e-47
14.6 1.86249e-47
14.7 4.30382e-48
14.8 9.84621e-49
14.9 2.23019e-49
15 5.00117e-50
15.1 1.11035e-50
15.2 2.44063e-51
15.3 5.31133e-52
15.4 1.14436e-52
15.5 2.44105e-53
15.6 5.15523e-54
15.7 1.0779e-54
15.8 2.23133e-55
15.9 4.57306e-56
16 9.27913e-57
16.1 1.86408e-57
16.2 3.70748e-58
16.3 7.30046e-59
16.4 1.42324e-59
16.5 2.74704e-60
16.6 5.24937e-61
16.7 9.93132e-62
16.8 1.86022e-62
16.9 3.44967e-63
17 6.33357e-64
17.1 1.15127e-64
17.2 2.07186e-65
17.3 3.6915e-66
17.4 6.51182e-67
17.5 1.13726e-67
17.6 1.9664e-68
17.7 3.36621e-69
17.8 5.70518e-70
17.9 9.57312e-71
18 1.59036e-71
18.1 2.61573e-72
18.2 4.2594e-73
18.3 6.86691e-74
18.4 1.09605e-74
18.5 1.73204e-75
18.6 2.70983e-76
18.7 4.19742e-77
18.8 6.43695e-78
18.9 9.77316e-79
19 1.46909e-79
19.1 2.18633e-80
19.2 3.22138e-81
19.3 4.69921e-82
19.4 6.7868e-83
19.5 9.70426e-84
19.6 1.37378e-84
19.7 1.92543e-85
19.8 2.67175e-86
19.9 3.67047e-87
